Performance Summary:
      User  Accuracy (%)       AUC  FAR  FRR
0  crystal     91.666667  0.942857  0.2  0.0
1    james     41.666667  0.685714  0.0  1.0
2    jason     83.333333  1.000000  0.4  0.0
3   jinwei     91.666667  0.885714  0.2  0.0
4    kevin     66.666667  0.714286  0.8  0.0
5  rongwei     91.666667  0.800000  0.2  0.0
6    ruxin     91.666667  1.000000  0.2  0.0
7     will     75.000000  0.885714  0.6  0.0

Performance Summary:
      User  Accuracy (%)       AUC       FAR  FRR
0  crystal          45.0  0.919192  0.000000  1.0
1    james          55.0  0.979798  1.000000  0.0
2    jason          90.0  1.000000  0.222222  0.0
3   jinwei          80.0  0.858586  0.444444  0.0
4    kevin          45.0  0.616162  0.000000  1.0
5  rongwei          70.0  0.868687  0.666667  0.0
6    ruxin         100.0  1.000000  0.000000  0.0
7     will         100.0  1.000000  0.000000  0.0

Performance Summary:
      User  Accuracy (%)       AUC       FAR  FRR
0  crystal          45.0  0.959596  0.000000  1.0
1    james          55.0  0.979798  1.000000  0.0
2    jason          70.0  0.939394  0.666667  0.0
3   jinwei          90.0  0.868687  0.222222  0.0
4    kevin          65.0  0.393939  0.777778  0.0
5  rongwei          75.0  0.848485  0.555556  0.0
6    ruxin          95.0  1.000000  0.111111  0.0
7     will          60.0  0.737374  0.888889  0.0

Performance Summary:
      User  Accuracy (%)       AUC       FAR       FRR
0  crystal          80.0  0.888889  0.333333  0.090909
1    james          55.0  0.454545  1.000000  0.000000
2    jason          80.0  0.939394  0.444444  0.000000
3   jinwei          90.0  0.848485  0.222222  0.000000
4    kevin          55.0  0.424242  1.000000  0.000000
5  rongwei          75.0  0.636364  0.444444  0.090909
6    ruxin          90.0  0.989899  0.222222  0.000000
7     will          85.0  0.989899  0.333333  0.000000

Performance Summary:
User  Accuracy (%)       AUC       FAR       FRR
0             70.0  0.969697  0.000000  0.545455
1             75.0  0.969697  0.000000  0.272727
2             95.0  1.000000  0.000000  0.090909
3             65.0  0.919192  0.111111  0.545455
4             60.0  0.717172  0.222222  0.727273
5             85.0  0.989899  0.000000  0.090909
6             80.0  0.949495  0.222222  0.181818
7             80.0  0.878788  0.444444  0.000000

           Target  Accuracy (%)       AUC       FAR       FRR
0   crystal_right          85.0  0.777778  0.222222  0.090909
1    crystal_left         100.0  1.000000  0.000000  0.000000
2     james_right          75.0  0.727273  0.111111  0.363636
3      james_left          75.0  0.838384  0.222222  0.272727
4     jason_right          85.0  0.898990  0.111111  0.181818
5      jason_left          80.0  0.878788  0.222222  0.181818
6    jinwei_right          95.0  0.969697  0.111111  0.000000
7     jinwei_left          90.0  0.969697  0.111111  0.090909
8     kevin_right         100.0  1.000000  0.000000  0.000000
9      kevin_left          60.0  0.707071  0.555556  0.272727
10  rongwei_right          75.0  0.898990  0.000000  0.454545
11   rongwei_left          65.0  1.000000  0.777778  0.000000
12    ruxin_right          90.0  0.989899  0.111111  0.090909
13     ruxin_left          90.0  0.888889  0.222222  0.000000
14     will_right          45.0  0.848485  0.000000  1.000000
15      will_left          95.0  1.000000  0.000000  0.090909